10 1 10 10 10 5 R 0.00150233 0.0150058
10 1 10 10 10 5 W 0.00115136 0.00213111
10 5 10 10 10 5 R 0.00144837 0.0139458
10 5 10 10 10 5 W 0.00113905 0.00204291
10 10 10 10 10 5 R 0.0015611 0.014097
10 10 10 10 10 5 W 0.00112948 0.00200591
10 15 10 10 10 5 R 0.00151488 0.0139318
10 15 10 10 10 5 W 0.0011161 0.0020575
10 20 10 10 10 5 R 0.00160034 0.01403
10 20 10 10 10 5 W 0.00117008 0.00203832
10 1 10 10 10 5 R 0.00143308 0.0143136
10 1 10 10 10 5 W 0.00106868 0.0021336
10 5 10 10 10 5 R 0.00141672 0.0135937
10 5 10 10 10 5 W 0.00111701 0.00172851
10 10 10 10 10 5 R 0.00155029 0.014451
10 10 10 10 10 5 W 0.00116633 0.00182218
10 15 10 10 10 5 R 0.00163696 0.0141688
10 15 10 10 10 5 W 0.0011722 0.00176094
10 20 10 10 10 5 R 0.00166902 0.014332
10 20 10 10 10 5 W 0.00116134 0.00185433
1 10 10 10 10 5 R 0.000522438 0.00169449
1 10 10 10 10 5 W 0.000293797 0.00120448
5 10 10 10 10 5 R 0.000813343 0.00696169
5 10 10 10 10 5 W 0.000497868 0.00107862
10 10 10 10 10 5 R 0.00150251 0.0140496
10 10 10 10 10 5 W 0.0011373 0.00159614
15 10 10 10 10 5 R 0.00207321 0.0185493
15 10 10 10 10 5 W 0.00145758 0.00282951
20 10 10 10 10 5 R 0.00283161 0.027417
20 10 10 10 10 5 W 0.00221766 0.00352765
1 10 10 10 10 5 R 0.000474197 0.00165879
1 10 10 10 10 5 W 0.000239919 0.000997163
5 10 10 10 10 5 R 0.000928457 0.00821422
5 10 10 10 10 5 W 0.000551466 0.00142163
10 10 10 10 10 5 R 0.00143408 0.0134178
10 10 10 10 10 5 W 0.000881833 0.0029397
15 10 10 10 10 5 R 0.00212328 0.019929
15 10 10 10 10 5 W 0.00171395 0.00282305
20 10 10 10 10 5 R 0.00277176 0.0265936
20 10 10 10 10 5 W 0.00226822 0.00414415
10 10 10 10 10 5 R 0.00184694 0.0170239
10 10 10 10 10 5 W 0.00135431 0.00210385
10 10 10 10 10 5 R 0.00147231 0.0126896
10 10 10 10 10 5 W 0.00100353 0.00157277
10 10 10 10 10 5 R 0.00148729 0.0132766
10 10 10 10 10 5 W 0.00105367 0.00147733
