10 1 10 10 10 5 R 0.00197423 0.00473974
10 1 10 10 10 5 W 0.00189547 0.00684687
10 5 10 10 10 5 R 0.00185375 0.00393292
10 5 10 10 10 5 W 0.00178931 0.00531218
10 10 10 10 10 5 R 0.00292522 0.00595586
10 10 10 10 10 5 W 0.00284063 0.00661886
10 15 10 10 10 5 R 0.00354734 0.00960313
10 15 10 10 10 5 W 0.00260378 0.0109232
10 20 10 10 10 5 R 0.0040546 0.0121937
10 20 10 10 10 5 W 0.00335261 0.0132334
1 10 10 10 10 5 R 0.0006124 0.00274678
1 10 10 10 10 5 W 0.000172191 0.000332507
5 10 10 10 10 5 R 0.00200905 0.00745679
5 10 10 10 10 5 W 0.00171075 0.00565746
10 10 10 10 10 5 R 0.00248925 0.00658007
10 10 10 10 10 5 W 0.00196246 0.00888029
15 10 10 10 10 5 R 0.0037833 0.00741139
15 10 10 10 10 5 W 0.00359973 0.009123
20 10 10 10 10 5 R 0.00579114 0.0155891
20 10 10 10 10 5 W 0.00524642 0.0147302
10 10 10 10 10 5 R 0.00256305 0.00512432
10 10 10 10 10 5 W 0.0023553 0.00433278
10 10 10 10 10 5 R 0.00287152 0.00651301
10 10 10 10 10 5 W 0.00259207 0.00523483
