256 16 16 0.013001 0.024587 0.031659 0.023637
512 16 16 0.164551 0.182997 0.212693 0.146769
1024 16 16 1.07103 1.04747 0.890938 0.799714
2048 16 16 5.73444 5.67813 5.76997 5.57569
4096 16 16 69.888 68.6352 59.7204 56.4356
2048 16 100 7.85018 7.66688 8.03752 7.86348
1024 16 16 0.419175 0.402955 0.431072 0.443247
256 16 16 0.007285 0.009489 0.012843 0.011375
1024 16 16 0.422586 0.410662 0.433479 0.470943
1024 16 16 0.415809 0.412591 0.47258 0.439248
256 32 32 0.015068 0.014757 0.014441 0.018588
1024 16 16 0.432089 0.432762 0.46788 0.468104
1024 16 8 0.401691 0.462457 0.484672 0.483985
